a: 1.0000884064584301
a_std: 0.9999976129526016
a_subj.1: 1.0003776058304474
a_subj.3: 1.000216903714019
a_subj.4: 1.0010420462483929
a_subj.5: 1.0006083362226135
a_subj.7: 1.0005938535579282
a_subj.8: 1.0008263838914895
a_subj.10: 0.9999611172062314
a_subj.11: 1.0000386789985678
a_subj.12: 1.0000292156920523
a_subj.13: 1.0010970237748578
a_subj.15: 1.0004173091374209
a_subj.16: 0.9999749235274277
a_subj.17: 1.000353595349061
a_subj.19: 1.0002317419474474
a_subj.21: 1.0011882270491257
a_subj.22: 1.0002833625473126
a_subj.23: 1.000840009532806
a_subj.24: 1.000862712064653
a_subj.25: 1.000112682546429
a_subj.27: 1.0002774616289418
t: 1.000249473230867
t_std: 1.0000624500965316
t_subj.1: 1.0001376906666468
t_subj.3: 1.0006007492958147
t_subj.4: 1.0006450386161325
t_subj.5: 1.0005359157296951
t_subj.7: 1.000627776246258
t_subj.8: 1.0004132211610808
t_subj.10: 1.0000625883038086
t_subj.11: 1.0001790415477618
t_subj.12: 0.9999646749866168
t_subj.13: 1.0010087621756705
t_subj.15: 1.0005409411277353
t_subj.16: 0.9999929773232077
t_subj.17: 1.0001493129649428
t_subj.19: 1.0001064927572776
t_subj.21: 1.000060913321735
t_subj.22: 1.0002078101453054
t_subj.23: 1.0007725571030746
t_subj.24: 1.0012114515649626
t_subj.25: 1.0002422498107104
t_subj.27: 0.9999895840676496
v_Intercept: 1.007645431827684
v_Intercept_std: 1.0012844116016684
v_Intercept_subj.1: 1.0036660757633733
v_Intercept_subj.3: 1.0033836875370425
v_Intercept_subj.4: 1.0031742745065362
v_Intercept_subj.5: 1.003969467167679
v_Intercept_subj.7: 1.003812171385045
v_Intercept_subj.8: 1.0112725938788119
v_Intercept_subj.10: 1.0045309690907922
v_Intercept_subj.11: 1.012910088811616
v_Intercept_subj.12: 1.0019183148855113
v_Intercept_subj.13: 1.0013190201910454
v_Intercept_subj.15: 1.0118083100055453
v_Intercept_subj.16: 1.0083691203007727
v_Intercept_subj.17: 1.0030374129715605
v_Intercept_subj.19: 1.002025859664552
v_Intercept_subj.21: 1.005065261176366
v_Intercept_subj.22: 1.0043811980849437
v_Intercept_subj.23: 1.0044799248231902
v_Intercept_subj.24: 1.0034266433388392
v_Intercept_subj.25: 1.001880482241337
v_Intercept_subj.27: 1.0035594896642377
v_AttentionW: 1.0112956274790736
v_AttentionW_std: 1.0072706584091184
v_AttentionW_subj.1: 1.0066411311380743
v_AttentionW_subj.3: 1.0064950134583597
v_AttentionW_subj.4: 1.0060510822581963
v_AttentionW_subj.5: 1.0069422203913314
v_AttentionW_subj.7: 1.0050445326127744
v_AttentionW_subj.8: 1.0183612704388312
v_AttentionW_subj.10: 1.007404575059851
v_AttentionW_subj.11: 1.0155820646729903
v_AttentionW_subj.12: 1.0036220744643995
v_AttentionW_subj.13: 1.0029505263373535
v_AttentionW_subj.15: 1.0191747976568055
v_AttentionW_subj.16: 1.010162681114461
v_AttentionW_subj.17: 1.0033649570984897
v_AttentionW_subj.19: 1.0027141437287825
v_AttentionW_subj.21: 1.007536657124256
v_AttentionW_subj.22: 1.0062903185441427
v_AttentionW_subj.23: 1.0066760964533803
v_AttentionW_subj.24: 1.0044430498663763
v_AttentionW_subj.25: 1.0031251192194774
v_AttentionW_subj.27: 1.0072976837191114
v_InattentionW: 1.01480208673045
v_InattentionW_std: 1.036106337132717
v_InattentionW_subj.1: 1.0058703324142226
v_InattentionW_subj.3: 1.0096104311001348
v_InattentionW_subj.4: 1.0092574415420048
v_InattentionW_subj.5: 1.0093131878780237
v_InattentionW_subj.7: 1.0051117283750295
v_InattentionW_subj.8: 1.0206296271236224
v_InattentionW_subj.10: 1.0086009833322265
v_InattentionW_subj.11: 1.0193337232209077
v_InattentionW_subj.12: 1.0082494427435038
v_InattentionW_subj.13: 1.0054783105225684
v_InattentionW_subj.15: 1.0209114053119255
v_InattentionW_subj.16: 1.0120432359681661
v_InattentionW_subj.17: 1.0049079957748774
v_InattentionW_subj.19: 1.0031179966169566
v_InattentionW_subj.21: 1.010485286045359
v_InattentionW_subj.22: 1.0080078624370836
v_InattentionW_subj.23: 1.007691036509847
v_InattentionW_subj.24: 1.0060477960644996
v_InattentionW_subj.25: 1.0045852806465323
v_InattentionW_subj.27: 1.0083504111300312
